[[0.00307, -3.35292, 4.0, 0.07534],
[0.26724, -3.49795, 4.0, 0.07534],
[0.53142, -3.64289, 4.0, 0.07533],
[0.79563, -3.7875, 4.0, 0.0753],
[1.05985, -3.93178, 4.0, 0.07526],
[1.3241, -4.07573, 4.0, 0.07523],
[1.58838, -4.21927, 4.0, 0.07519],
[1.85269, -4.36231, 4.0, 0.07513],
[2.11705, -4.50447, 4.0, 0.07504],
[2.38149, -4.64543, 4.0, 0.07492],
[2.64602, -4.78488, 4.0, 0.07476],
[2.91065, -4.92248, 4.0, 0.07457],
[3.1754, -5.05783, 4.0, 0.07434],
[3.44028, -5.19047, 4.0, 0.07406],
[3.7053, -5.31988, 3.7286, 0.0791],
[3.97048, -5.44542, 3.30511, 0.08877],
[4.23581, -5.56631, 2.91848, 0.09991],
[4.50129, -5.68151, 2.56966, 0.11262],
[4.76688, -5.79008, 2.25219, 0.1274],
[5.03253, -5.89036, 1.9733, 0.1439],
[5.29813, -5.9805, 1.71282, 0.16375],
[5.56345, -6.05817, 1.51782, 0.18214],
[5.82813, -6.12049, 1.51782, 0.17915],
[6.09151, -6.1639, 1.51782, 0.17587],
[6.3525, -6.18394, 1.51782, 0.17246],
[6.6092, -6.17516, 1.51782, 0.16922],
[6.85805, -6.13017, 1.51782, 0.16661],
[7.09267, -6.04162, 1.63602, 0.15329],
[7.31081, -5.91759, 1.8282, 0.13726],
[7.51274, -5.76653, 1.98328, 0.12715],
[7.69851, -5.59372, 2.11936, 0.11972],
[7.86812, -5.40315, 2.25245, 0.11326],
[8.0218, -5.19821, 2.3868, 0.10732],
[8.16008, -4.98176, 2.48836, 0.10322],
[8.28329, -4.75593, 2.58463, 0.09953],
[8.39185, -4.52254, 2.64989, 0.09714],
[8.48597, -4.28298, 2.52634, 0.10188],
[8.56603, -4.03855, 2.31089, 0.1113],
[8.63209, -3.79029, 2.11272, 0.12159],
[8.68423, -3.53922, 1.90599, 0.13454],
[8.7221, -3.28623, 1.69425, 0.15099],
[8.74542, -3.03222, 1.5, 0.17005],
[8.75182, -2.77818, 1.5, 0.16941],
[8.73822, -2.5257, 1.5, 0.16856],
[8.70122, -2.27715, 1.5, 0.16753],
[8.63645, -2.03611, 1.5, 0.16639],
[8.53825, -1.80822, 1.5, 0.16542],
[8.40031, -1.6024, 1.52706, 0.16225],
[8.22701, -1.42296, 1.69155, 0.14747],
[8.02677, -1.26862, 1.88893, 0.13385],
[7.80579, -1.13685, 2.13336, 0.1206],
[7.56891, -1.02455, 2.37484, 0.11039],
[7.31936, -0.92928, 2.65453, 0.10063],
[7.0597, -0.84867, 3.00369, 0.09052],
[6.79217, -0.78022, 3.48056, 0.07934],
[6.51876, -0.72127, 4.0, 0.06992],
[6.24138, -0.66897, 4.0, 0.07057],
[5.96171, -0.6206, 4.0, 0.07096],
[5.67651, -0.57339, 4.0, 0.07227],
[5.39094, -0.52336, 4.0, 0.07248],
[5.10558, -0.46981, 4.0, 0.07258],
[4.82108, -0.4121, 3.84885, 0.07543],
[4.53794, -0.34965, 3.69024, 0.07857],
[4.25671, -0.28164, 3.5632, 0.0812],
[3.97785, -0.20735, 3.46263, 0.08334],
[3.70185, -0.12603, 3.38398, 0.08503],
[3.42922, -0.03697, 3.32393, 0.08629],
[3.16048, 0.0605, 3.28051, 0.08714],
[2.89617, 0.16691, 3.25299, 0.08759],
[2.63684, 0.28274, 3.2417, 0.08761],
[2.38303, 0.4083, 3.2417, 0.08735],
[2.13526, 0.54381, 3.2417, 0.08712],
[1.89404, 0.68937, 3.2417, 0.08691],
[1.65983, 0.84499, 3.2417, 0.08674],
[1.43303, 1.01057, 3.2417, 0.08662],
[1.214, 1.18592, 3.24783, 0.08639],
[1.00297, 1.37075, 3.27336, 0.0857],
[0.80009, 1.56469, 3.32113, 0.08451],
[0.60537, 1.76728, 3.39521, 0.08276],
[0.4187, 1.978, 3.50195, 0.08039],
[0.2398, 2.1962, 3.65209, 0.07726],
[0.06822, 2.42121, 3.8634, 0.07324],
[-0.09667, 2.6522, 4.0, 0.07095],
[-0.25563, 2.88828, 4.0, 0.07115],
[-0.40946, 3.12834, 4.0, 0.07128],
[-0.55864, 3.37081, 4.0, 0.07117],
[-0.70292, 3.61296, 3.92912, 0.07174],
[-0.84137, 3.85085, 3.33699, 0.08248],
[-0.97433, 4.08255, 2.93369, 0.09106],
[-1.09834, 4.29751, 2.52092, 0.09844],
[-1.22451, 4.5106, 2.20325, 0.1124],
[-1.35426, 4.72057, 2.17059, 0.11372],
[-1.489, 4.9262, 2.02636, 0.12132],
[-1.63057, 5.12588, 2.02636, 0.12079],
[-1.78084, 5.31793, 2.02636, 0.12034],
[-1.94275, 5.49969, 2.02636, 0.12012],
[-2.11975, 5.66777, 2.02636, 0.12046],
[-2.31223, 5.82119, 2.02636, 0.12147],
[-2.52232, 5.95657, 2.16348, 0.11552],
[-2.74753, 6.07463, 2.34715, 0.10834],
[-2.98521, 6.17662, 2.50637, 0.10319],
[-3.23337, 6.26337, 2.69, 0.09772],
[-3.49006, 6.33591, 2.80123, 0.09522],
[-3.75395, 6.3945, 2.90826, 0.09295],
[-4.02367, 6.43941, 3.00689, 0.09094],
[-4.29784, 6.47093, 3.0968, 0.08912],
[-4.57513, 6.48938, 3.17999, 0.08739],
[-4.85423, 6.4952, 3.02903, 0.09216],
[-5.134, 6.48902, 2.81651, 0.09936],
[-5.41342, 6.47114, 2.64054, 0.10603],
[-5.69154, 6.44185, 2.32121, 0.12048],
[-5.96733, 6.40066, 2.06353, 0.13513],
[-6.23972, 6.34714, 1.81584, 0.15287],
[-6.50744, 6.28043, 1.81584, 0.15194],
[-6.76886, 6.19904, 1.81584, 0.15078],
[-7.02229, 6.10164, 1.81584, 0.14952],
[-7.26448, 5.98454, 1.81584, 0.14815],
[-7.49128, 5.8439, 1.81584, 0.14697],
[-7.69612, 5.67502, 2.03865, 0.13022],
[-7.88158, 5.48571, 2.18424, 0.12133],
[-8.04868, 5.28022, 2.30593, 0.11486],
[-8.19809, 5.06176, 2.41095, 0.10978],
[-8.33039, 4.8329, 2.51397, 0.10515],
[-8.44628, 4.59579, 2.49675, 0.1057],
[-8.54635, 4.35212, 2.36314, 0.11147],
[-8.63072, 4.10315, 2.20543, 0.1192],
[-8.69942, 3.84999, 1.98542, 0.13212],
[-8.75235, 3.5937, 1.78113, 0.14693],
[-8.78901, 3.33527, 1.5793, 0.16528],
[-8.80757, 3.07572, 1.5793, 0.16476],
[-8.80601, 2.81646, 1.5793, 0.16416],
[-8.78163, 2.55934, 1.5793, 0.16354],
[-8.72963, 2.30723, 1.5793, 0.163],
[-8.64417, 2.06446, 1.5793, 0.16296],
[-8.5173, 1.83819, 1.97403, 0.13141],
[-8.36425, 1.62491, 2.22525, 0.11797],
[-8.19032, 1.4231, 2.45114, 0.10869],
[-7.99877, 1.23168, 2.68625, 0.10081],
[-7.79214, 1.04967, 2.94627, 0.09346],
[-7.5726, 0.87613, 3.23837, 0.08642],
[-7.34208, 0.7101, 3.58762, 0.07919],
[-7.10237, 0.55056, 4.0, 0.07199],
[-6.85513, 0.39649, 4.0, 0.07283],
[-6.602, 0.24674, 4.0, 0.07353],
[-6.3444, 0.10023, 4.0, 0.07409],
[-6.08347, -0.04397, 4.0, 0.07453],
[-5.82024, -0.18676, 4.0, 0.07487],
[-5.55542, -0.32881, 4.0, 0.07513],
[-5.28974, -0.47084, 4.0, 0.07532],
[-5.02413, -0.61304, 4.0, 0.07532],
[-4.75866, -0.75549, 4.0, 0.07532],
[-4.4933, -0.89817, 4.0, 0.07532],
[-4.22805, -1.04108, 4.0, 0.07532],
[-3.96293, -1.18422, 4.0, 0.07532],
[-3.69792, -1.32759, 4.0, 0.07533],
[-3.43303, -1.4712, 4.0, 0.07533],
[-3.16825, -1.61503, 4.0, 0.07533],
[-2.90359, -1.7591, 4.0, 0.07533],
[-2.63905, -1.9034, 4.0, 0.07533],
[-2.37463, -2.04794, 4.0, 0.07534],
[-2.11033, -2.19271, 4.0, 0.07534],
[-1.84615, -2.33773, 4.0, 0.07534],
[-1.58198, -2.48276, 4.0, 0.07534],
[-1.3178, -2.62779, 4.0, 0.07534],
[-1.05363, -2.77282, 4.0, 0.07534],
[-0.78946, -2.91785, 4.0, 0.07534],
[-0.52528, -3.06287, 4.0, 0.07534],
[-0.26111, -3.2079, 4.0, 0.07534]]